0	1   2
1	-5.8	-13.1
2	-4.7	-12.0
3	1.3	-4.9
4	-0.9	-3.5
5	0.2	-5.0
6	1.5	-4.6
7	5.2	-2.0
8	3.8	-0.7
9	1.4	-1.5
10	-0.2	-2.2
11	0.1	-4.4
12	3.9	-6.1
13	3.4	0.8
14	2.7	-0.5
15	2.2	-3.6
16	0.6	-9.0
17	-0.2	-11.5
18	-2.8	-9.8
19	-0.1	-5.8
20	3.0	-2.4
21	3.2	-1.7
22	-0.2	-7.5
23	-2.1	-6.6
24	-6.6	-13.7
25	-6.7	-13.3
26	-9.4	-17.0
27	-6.0	-17.9
28	0.3	-12.8
29	-1.2	-6.6
30	-3.9	-5.9
31	-1.4	-9.3
32	0.3	-10.1
33	-2.1	-11.6
34	3.1	-7.2
35	1.1	-4.0
36	-1.4	-3.6
37	0.1	-5.1
38	-0.9	-2.9
39	4.2	-2.9
40	2.6	-4.4
41	-0.8	-11.4
42	-2.4	-10.7
43	0.6	-12.4
44	1.3	-4.5
45	2.1	-0.7
46	2.3	-1.0
47	3.0	0.8
48	2.8	0.7
49	5.8	0.6
50	8.3	3.3
51	5.4	-1.5
52	0.1	-9.3
53	1.6	-11.1
54	1.8	-10.8
55	2.8	-8.2
56	1.7	-10.1
57	2.6	-10.5
58	3.5	-7.9
59	4.1	-6.6
60	3.4	-6.7
61	6.3	-0.4
62	1.4	-1.2
63	4.7	-0.1
64	6.3	-1.6
65	6.3	0.8
66	5.6	-0.4
67	8.7	-2.5
68	9.1	-1.5
69	13.6	-1.1
70	14.2	5.9
71	14.2	4.3
72	15.3	1.5
73	15.0	4.3
74	13.5	4.5
75	10.8	6.2
76	15.4	4.7
77	15.2	7.4
78	7.9	4.2
79	12.9	3.6
80	11.1	6.9
81	10.8	3.6
82	7.5	3.3
83	8.7	2.4
84	9.8	3.4
85	9.9	3.1
86	8.0	3.1
87	9.5	-1.1
88	9.1	0.4
89	14.7	4.8
90	13.4	4.7
91	13.7	0.8
92	15.3	8.6
93	17.2	7.2
94	10.9	6.6
95	23.7	4.7
96	24.5	13.6
97	23.8	15.5
98	21.6	7.1
99	19.3	5.2
100	21.0	9.4
101	25.2	14.2
102	23.4	8.9
103	21.9	8.1
104	12.0	3.6
105	13.2	6.4
106	16.6	5.9
107	22.4	7.1
108	20.9	12.8
109	16.2	9.4
110	16.8	4.4
111	19.3	5.5
112	20.2	6.9
113	15.6	7.0
114	23.6	5.9
115	23.4	13.2
116	20.6	12.0
117	23.8	7.0
118	26.9	12.4
119	21.9	12.9
120	22.1	9.0
121	18.0	7.0
122	11.3	5.1
123	9.2	3.8
124	13.0	4.2
125	13.2	6.5
126	11.0	7.8
127	19.6	8.2
128	18.1	8.6
129	12.0	7.0
130	11.4	6.7
131	14.1	7.7
132	19.0	8.9
133	17.8	10.8
134	16.7	8.1
135	20.7	7.5
136	19.0	10.3
137	14.3	5.5
138	11.7	8.7
139	11.5	7.2
140	9.5	5.8
141	11.9	6.8
142	14.8	8.7
143	13.5	10.5
144	17.6	9.8
145	18.6	9.4
146	17.8	9.5
147	10.6	7.7
148	15.8	7.2
149	24.1	8.3
150	22.5	10.8
151	15.9	10.7
152	16.4	11.0
153	23.8	7.6
154	14.5	10.1
155	16.0	9.5
156	18.4	7.4
157	16.6	9.0
158	23.9	8.8
159	26.2	11.9
160	22.9	15.6
161	19.7	10.3
162	17.1	12.1
163	23.7	11.6
164	28.7	14.4
165	28.2	12.6
166	24.5	17.7
167	18.1	12.9
168	22.9	12.8
169	21.3	14.4
170	22.4	11.3
171	18.9	13.5
172	22.9	14.3
173	18.8	13.7
174	22.7	10.5
175	32.1	15.1
176	31.1	20.1
177	27.4	18.4
178	28.6	14.8
179	30.8	16.3
180	29.0	16.2
181	20.4	12.1
182	18.1	13.3
183	20.1	13.7
184	15.9	10.3
185	16.5	10.1
186	19.7	9.0
187	24.4	13.1
188	22.0	13.1
189	16.2	12.5
190	16.1	10.5
191	14.1	8.5
192	14.8	9.9
193	18.4	6.0
194	18.2	8.9
195	18.0	14.3
196	19.1	11.0
197	15.2	7.9
198	13.4	10.2
199	11.8	8.9
200	14.0	8.1
201	17.7	8.5
202	17.2	9.0
203	14.9	10.4
204	14.4	9.0
205	12.5	8.4
206	13.6	4.3
207	18.0	9.5
208	21.1	9.5
209	17.7	9.8
210	15.6	6.2
211	17.9	6.9
212	20.2	11.5
213	20.7	13.0
214	13.0	9.5
215	16.8	8.4
216	21.8	9.8
217	20.8	12.2
218	21.0	11.5
219	18.2	11.9
220	17.1	12.0
221	16.4	6.7
222	13.3	8.0
223	15.5	8.2
224	13.3	6.7
225	12.1	6.4
226	13.8	7.5
227	13.1	8.4
228	13.1	8.0
229	19.9	11.3
230	18.6	11.1
231	12.7	6.0
232	12.2	6.7
233	8.8	4.2
234	7.3	3.1
235	11.7	3.2
236	10.3	6.0
237	8.2	4.6
238	6.5	2.2
239	10.1	2.8
240	7.7	5.3
241	8.4	4.1
242	7.7	-0.1
243	8.5	2.9
244	6.9	2.6
245	10.6	4.7
246	8.0	3.9
247	8.7	-0.3
248	10.0	4.2
249	9.4	4.7
250	11.6	7.1
251	17.6	4.6
252	17.7	11.6
253	19.7	11.1
254	21.8	8.7
255	9.9	4.7
256	11.4	2.3
257	12.8	8.5
258	8.7	5.7
259	9.8	5.6
260	10.3	5.9
261	10.1	6.0
262	6.2	1.6
263	4.1	1.6
264	4.2	1.4
265	3.6	1.0
266	3.4	0.6
267	1.4	-3.4
268	-0.2	-5.2
269	0.2	-6.8
270	3.3	-1.8
271	7.6	0.6
272	8.6	0.3
273	8.8	5.1
274	5.9	0.4
275	11.5	4.2
276	10.9	7.9
277	8.5	0.7
278	3.7	0.4
279	8.8	0.8
280	5.7	1.3
281	9.0	0.2
282	11.4	7.1
283	11.0	6.1
284	7.0	1.7
285	4.5	0.0
286	8.1	2.7
287	12.6	5.0
288	8.8	6.0
289	6.6	0.4
290	1.1	-3.4
291	0.9	-2.4
292	3.7	-1.9
293	-1.1	-5.8
294	0.2	-2.4
295	2.0	-0.7
296	2.2	0.9
297	1.9	0.8
298	1.1	-5.0
299	-0.9	-7.8
300	5.9	-1.1
301	9.2	5.2
302	9.1	6.4
303	7.3	1.4
304	7.2	0.4
305	2.8	-0.3
306	0.7	-1.6
307	-0.4	-6.8
308	-1.0	-6.4
309	0.8	-2.7
310	1.4	-0.7
311	2.8	1.1
312	3.4	-0.8
313	-0.8	-7.7
314	-6.5	-10.9
315	-8.1	-13.2
316	-6.0	-13.7
317	1.9	-6.9
318	0.9	-3.7
319	-2.3	-7.6
320	4.1	-5.8
321	4.0	2.3
322	2.9	-1.8
323	-1.2	-3.4
324	-1.8	-5.1
325	1.8	-4.5
326	6.5	1.2
327	6.5	2.8
328	6.2	3.2
329	5.4	1.7
330	5.0	1.9
331	2.8	0.4
332	7.4	0.2
333	6.0	0.0
334	2.2	-1.7
335	5.7	1.5
336	7.8	5.1
337	6.3	4.8
338	6.1	4.1
339	4.3	1.1
340	2.1	0.0
341	0.7	-0.9
342	7.8	-0.1
343	7.4	0.4
344	1.9	-0.7
345	1.9	-3.2
346	2.6	-2.9
347	-0.8	-7.5
348	-4.8	-11.5
349	-0.6	-6.7
350	-1.2	-3.6
351	-0.6	-3.8
352	-2.8	-8.4
353	-5.5	-11.1
354	-5.3	-11.1
355	-6.0	-11.7
356	-5.5	-11.7
357	-4.5	-9.2
358	-3.0	-7.1
359	-4.6	-7.0
360	-2.9	-8.4
361	-6.0	-10.1
362	-3.5	-9.7
363	0.5	-4.9
364	-0.8	-4.1
365	-2.6	-5.8
366	-5.4	-11.0
